[gd_scene load_steps=17 format=2]

[ext_resource path="res://Player/Player.gd" type="Script" id=1]
[ext_resource path="res://Player/Player.tscn" type="PackedScene" id=2]
[ext_resource path="res://Terrain.tscn" type="PackedScene" id=3]
[ext_resource path="res://Target/Target.tscn" type="PackedScene" id=4]
[ext_resource path="res://Player/RayCast.gd" type="Script" id=5]
[ext_resource path="res://NPC/NPC.gd" type="Script" id=6]
[ext_resource path="res://NPC/NPC.tscn" type="PackedScene" id=7]
[ext_resource path="res://UI/Dialogue.gd" type="Script" id=8]
[ext_resource path="res://UI/UI.gd" type="Script" id=9]
[ext_resource path="res://UI/Menu.tscn" type="PackedScene" id=10]
[ext_resource path="res://Assets/할아버지의_11개월_bj_배경음.mp3" type="AudioStream" id=11]

[sub_resource type="CubeMesh" id=1]
size = Vector3( 100, 0.5, 100 )

[sub_resource type="BoxShape" id=2]
extents = Vector3( 50, 0.25, 50 )

[sub_resource type="SpatialMaterial" id=3]
albedo_color = Color( 1, 0, 0, 1 )
emission_enabled = true
emission = Color( 1, 0, 0, 1 )
emission_energy = 4.0
emission_operator = 0
emission_on_uv2 = false

[sub_resource type="SphereMesh" id=4]
material = SubResource( 3 )
radius = 0.5
height = 1.0

[sub_resource type="SphereShape" id=5]
radius = 4.83392

[node name="Game" type="Spatial"]

[node name="Ground" type="StaticBody" parent="."]
visible = false

[node name="CSGMesh" type="CSGMesh" parent="Ground"]
mesh = SubResource( 1 )

[node name="CollisionShape" type="CollisionShape" parent="Ground"]
shape = SubResource( 2 )

[node name="Player" parent="." instance=ExtResource( 2 )]
transform = Transform( 0.699812, 0, 0.714326, 0, 1, 0, -0.714326, 0, 0.699812, -158.628, 0.139632, -188.156 )
collision_layer = 3
collision_mask = 3
script = ExtResource( 1 )

[node name="Pivot" type="Position3D" parent="Player"]

[node name="Camera" type="Camera" parent="Player/Pivot"]
transform = Transform( -1, 1.51808e-08, -8.60946e-08, 0, 0.984808, 0.173648, 8.74228e-08, 0.173648, -0.984808, 0, 5, -8 )
far = 200.0

[node name="RayCast" type="RayCast" parent="Player/Pivot"]
transform = Transform( 1, 0, 0, 0, 1, 0, 0, 0, 1, -0.00861311, 3.02672, 1.7112 )
enabled = true
cast_to = Vector3( 0, 0, 200 )
script = ExtResource( 5 )

[node name="Reticule" type="Position3D" parent="Player/Pivot/RayCast"]
transform = Transform( 1, 0, 0, 0, 1, 0, 0, 0, 1, 0, 0, 50 )

[node name="MeshInstance" type="MeshInstance" parent="Player/Pivot/RayCast/Reticule"]
mesh = SubResource( 4 )

[node name="lowpoly_scene" parent="." instance=ExtResource( 3 )]
transform = Transform( 15, 0, 0, 0, 15, 0, 0, 0, 15, 0, -0.0688012, 0 )

[node name="Target_container" type="Spatial" parent="."]
visible = false

[node name="Target" parent="Target_container" instance=ExtResource( 4 )]
transform = Transform( -0.589746, 0, 0.807589, 0, 1, 0, -0.807589, 0, -0.589746, -146.84, 4.2369, -155.12 )

[node name="Target2" parent="Target_container" instance=ExtResource( 4 )]
transform = Transform( -0.945972, 0, -0.324248, 0, 1, 0, 0.324248, 0, -0.945972, -44.8874, 24.7368, -147.477 )

[node name="Target3" parent="Target_container" instance=ExtResource( 4 )]
transform = Transform( -0.945972, 0, -0.324248, 0, 1, 0, 0.324248, 0, -0.945972, -111.289, 29.1665, -108.515 )

[node name="Target4" parent="Target_container" instance=ExtResource( 4 )]
transform = Transform( -0.945972, 0, -0.324248, 0, 1, 0, 0.324248, 0, -0.945972, 6.66825, 3.17438, -72.8827 )

[node name="Target5" parent="Target_container" instance=ExtResource( 4 )]
transform = Transform( -0.892216, 0, 0.45161, 0, 1, 0, -0.45161, 0, -0.892216, 68.8289, 3.17438, -62.4328 )

[node name="Target6" parent="Target_container" instance=ExtResource( 4 )]
transform = Transform( 0.0832953, 0, 0.996525, 0, 1, 0, -0.996525, 0, 0.0832953, 57.4333, 5.86897, 3.21429 )

[node name="Target7" parent="Target_container" instance=ExtResource( 4 )]
transform = Transform( 0.438167, 0, 0.898893, 0, 1, 0, -0.898893, 0, 0.438167, -226.588, 87.7676, 35.5774 )

[node name="NPC" parent="." instance=ExtResource( 7 )]
transform = Transform( -0.992895, 0, -0.118993, 0, 1, 0, 0.118993, 0, -0.992895, -164.149, 0, -171.785 )
script = ExtResource( 6 )

[node name="Area" type="Area" parent="NPC"]
collision_layer = 2
collision_mask = 2

[node name="CollisionShape" type="CollisionShape" parent="NPC/Area"]
transform = Transform( 1, 0, 0, 0, 1, 0, 0, 0, 1, 0.0118103, -0.0237751, 0.010788 )
shape = SubResource( 5 )

[node name="UI" type="CanvasLayer" parent="."]
script = ExtResource( 9 )

[node name="Background" type="ColorRect" parent="UI"]
anchor_right = 1.0
margin_bottom = 30.0
color = Color( 0, 0, 0, 0.501961 )

[node name="Score" type="Label" parent="UI"]
margin_left = 10.0
margin_right = 510.0
margin_bottom = 30.0
text = "Target: "
valign = 1

[node name="Time" type="Label" parent="UI"]
margin_left = 512.0
margin_right = 1014.0
margin_bottom = 30.0
text = "Time: "
align = 2
valign = 1

[node name="Dialogue" type="Control" parent="UI"]
visible = false
anchor_right = 1.0
anchor_bottom = 1.0
script = ExtResource( 8 )

[node name="Background" type="ColorRect" parent="UI/Dialogue"]
anchor_top = 1.0
anchor_right = 1.0
anchor_bottom = 1.0
margin_top = -30.0
color = Color( 0, 0, 0, 0.501961 )

[node name="Text" type="RichTextLabel" parent="UI/Dialogue"]
anchor_top = 1.0
anchor_right = 1.0
anchor_bottom = 1.0
margin_top = -20.0
margin_bottom = 10.0
bbcode_enabled = true

[node name="Menu" parent="UI" instance=ExtResource( 10 )]

[node name="AudioStreamPlayer" type="AudioStreamPlayer" parent="."]
stream = ExtResource( 11 )
autoplay = true

[connection signal="body_entered" from="NPC/Area" to="NPC" method="_on_Area_body_entered"]
[connection signal="body_exited" from="NPC/Area" to="NPC" method="_on_Area_body_exited"]
